1
2
4
5
6
7
9
10
11
12
13
14
20
21
26
31
34
35
36
37
38
39
40
41
42
44
45
46
47
48
54
55
58
59
61
62
63
64
66
67
68
69
71
74
83
84
85
86
87
88
89
90
91
92
93
94
95
96
102
105
107
108
110
112
114
115
116
117
119
120
121
122
123
124
127
128
129
130
132
133
138
143
144
145
146
147
148
149
150
151
152
153
154
156
158
159
160
162
163
164
165
166
167
168
169
171
172
173
174
178
179
180
181
182
183
184
185
186
188
194
195
201
202
203
205
206
207
208
209
210
211
213
214
215
216
217
219
220
221
223
226
228
235
236
237
241
242
243
244
245
246
247
248
249
250
251
252
253
254
259
260
261
262
263
264
265
266
267
268
269
270
271
275
280
284
285
286
287
288
289
291
293
294
295
296
297
298
299
302
303
304
305
306
307
308
309
310
311
312
313
315
316
317
318
324
330
333
334
335
336
337
338
339
340
341
342
343
344
346
347
348
349
350
352
355
357
358
366
367
368
369
370
373
376
377
379
380
382
383
384
386
388
389
390
391
392
393
395
396
399
400
402
404
405
406
408
410
416
417
419
420
421
424
426
427
428
429
430
431
432
434
437
438
439
440
441
442
443
444
450
452
453
455
457
459
461
462
463
464
465
466
467
468
469
470
472
473
474
475
476
477
478
479
480
481
483
484
485
486
487
488
491
492
493
494
495
496
497
498
500
501
503
504
505
506
507
508
509
510
511
513
514
515
516
517
518
520
521
523
524
525
526
528
530
531
532
533
534
535
537
538
539
540
541
542
543
544
545
546
547
548
550
551
552
553
555
556
557
558
560
561
562
563
564
565
566
567
568
569
570
571
572
574
575
576
577
578
579
580
581
582
583
584
585
587
588
589
592
594
595
604
605
606
607
609
610
611
617
618
619
620
622
624
626
629
630
631
632
635
638
640
644
645
646
647
648
650
653
654
655
656
657
658
659
660
661
666
668
669
670
671
672
673
674
675
676
677
678
679
680
681
682
683
